[[0.71876563 0.72407748 0.70309337 0.35853043 0.79719952 0.41392386
  0.12361528]
 [0.35521364 0.67788749 0.60046116 0.09913611 0.88910377 0.37810172
  0.32415857]
 [0.67922851 0.29037558 0.0842829  0.34892334 0.1077831  0.20433149
  0.86392193]
 [0.17678537 0.95983155 0.91300384 0.71702446 0.81093817 0.67583902
  0.03918309]
 [0.7952707  0.90104176 0.50514529 0.3617798  0.91407195 0.24509934
  0.56629483]
 [0.82927844 0.22565469 0.01736616 0.30569147 0.27441917 0.17775384
  0.72017921]
 [0.02720162 0.87062322 0.47674972 0.50102726 0.10706282 0.74723045
  0.34358822]
 [0.06627035 0.33867716 0.69835249 0.03932051 0.78880174 0.59415419
  0.76133527]
 [0.79562302 0.46311968 0.56403314 0.94314812 0.89122443 0.31820574
  0.68029649]
 [0.33736349 0.88645856 0.0969365  0.16754132 0.13701397 0.93269828
  0.43900014]
 [0.31112012 0.81088433 0.51211831 0.12288305 0.83529303 0.66326321
  0.9177641 ]
 [0.35895782 0.80018569 0.71471368 0.09278468 0.37666075 0.65810838
  0.59284301]
 [0.24953345 0.90528559 0.42402278 0.20972822 0.22344545 0.80521407
  0.88345834]
 [0.75506069 0.37361363 0.62320725 0.99684129 0.13556704 0.2601992
  0.44048898]
 [0.10453573 0.10373768 0.77078894 0.44035877 0.05653014 0.83642211
  0.74379186]
 [0.50816175 0.97337429 0.44680988 0.12090952 0.17440981 0.49452246
  0.41459038]
 [0.63098308 0.88113038 0.86100431 0.70280644 0.36955846 0.8669888
  0.66412497]
 [0.63953441 0.76951759 0.07512347 0.37191268 0.97313366 0.04824852
  0.02461244]
 [0.66745379 0.69458044 0.33809415 0.53876364 0.6294903  0.51439132
  0.07379906]]
[[0.03328304 0.51931198 0.37921682 0.1189355  0.12594417 0.93445072
  0.82147919 0.93764872 0.60440421 0.91886883 0.19850396 0.74728438
  0.64911331 0.85979199 0.73164729]
 [0.14872955 0.4828089  0.56513148 0.94979449 0.44348233 0.16841916
  0.90083637 0.6636725  0.40185959 0.70179346 0.14196057 0.13174958
  0.48777133 0.26148567 0.53122557]
 [0.61104099 0.48314343 0.25471615 0.64624279 0.40452112 0.59899381
  0.15719835 0.52121698 0.23461586 0.17432776 0.44221152 0.44088462
  0.8620962  0.91940225 0.74990774]
 [0.417969   0.29215491 0.08208683 0.03177467 0.45371513 0.52706648
  0.69150786 0.68802674 0.58221651 0.73313326 0.97557648 0.63147233
  0.9152089  0.23751577 0.54118606]
 [0.02637015 0.46727415 0.57608392 0.87179569 0.20603942 0.31336552
  0.1202275  0.47515682 0.243524   0.25314185 0.20651419 0.50675553
  0.14479204 0.35751824 0.96161249]
 [0.63256357 0.98315707 0.18149393 0.98158858 0.16288892 0.53861259
  0.33559206 0.90268947 0.53942726 0.85455613 0.49523954 0.39214035
  0.81589763 0.27424752 0.64890783]
 [0.83440456 0.93151215 0.8535611  0.54075013 0.71289679 0.79931213
  0.17716639 0.04336194 0.05770229 0.015333   0.3758854  0.77364068
  0.5366939  0.50264418 0.44980332]]

